---
type: approved_recommendations
items:
  H.871: 2019-07-01 00:00:00.000000000 Z
  J.207: 2019-07-01 00:00:00.000000000 Z
  J.216: 2019-07-01 00:00:00.000000000 Z
  J.224: 2019-07-01 00:00:00.000000000 Z
  J.288: 2019-07-01 00:00:00.000000000 Z
  J.1026: 2019-07-01 00:00:00.000000000 Z
  J.1027: 2019-07-01 00:00:00.000000000 Z
  'J.1028 ': 2019-07-01 00:00:00.000000000 Z
  J.1202: 2019-07-01 00:00:00.000000000 Z
  J.1210: 2019-07-01 00:00:00.000000000 Z
  Q.3741: 2019-07-01 00:00:00.000000000 Z
  Q.4043: 2019-07-01 00:00:00.000000000 Z
  Q.5021: 2019-07-01 00:00:00.000000000 Z
by: AAP-63
procedures: Recommendation ITU-T A.8
