---
type: approved_recommendations
items:
  F.743.23: 2023-09-30 22:00:00.000000000 Z
  G.1092: 2023-09-30 22:00:00.000000000 Z
  P.910: 2023-09-30 22:00:00.000000000 Z
  P.1204: 2023-09-30 22:00:00.000000000 Z
  P.1204.5: 2023-09-30 22:00:00.000000000 Z
  P.1211: 2023-09-30 22:00:00.000000000 Z
  X.509 (2019) Cor. 2: 2023-09-30 22:00:00.000000000 Z
  X.510: 2023-09-30 22:00:00.000000000 Z
  'X.590 ': 2023-09-30 22:00:00.000000000 Z
  Y.1567: 2023-09-30 22:00:00.000000000 Z
  Y.3159: 2023-09-30 22:00:00.000000000 Z
  Y.3540: 2023-09-30 22:00:00.000000000 Z
  Z.161: 2023-09-30 22:00:00.000000000 Z
  Z.166: 2023-09-30 22:00:00.000000000 Z
  'Z.171 ': 2023-09-30 22:00:00.000000000 Z
by: AAP-39
procedures: Recommendation ITU-T A.8
